0,513
2,2
383,22
383,21
2,1
383,20
2,3
383,19
383,18
383,17
383,16
383,15
383,14
383,13
383,12
383,11
383,10
383,9
383,8
383,7
383,6
383,5
383,4
383,1
381,18
381,17
381,16
381,15
381,14
381,13
381,12
381,11
381,10
381,9
381,8
381,7
381,6
381,5
381,4
381,1
337,67
337,66
337,65
337,64
337,35
337,34
337,33
337,32
337,31
337,30
337,29
337,28
337,27
337,26
337,25
337,24
337,23
337,22
337,21
337,20
337,19
337,18
337,17
337,16
337,15
337,14
337,13
337,12
337,11
337,10
337,9
337,8
337,7
337,6
337,5
337,4
337,1
336,6
336,5
336,4
336,1
0,511
0,510
0,509
0,508
0,507
0,504
0,503
0,502
0,500
0,499
0,330
0,329
0,328
0,327
0,326
0,325
0,324
0,323
0,322
0,321
0,320
0,0
440,1
440,3
350,3
350,5
350,1
350,4
311,1
311,3
441,3
405,3
441,5
405,6
441,1
405,5
418,3
441,4
406,3
418,6
405,1
418,5
406,4
405,4
418,4
406,1
406,5
418,1
418,7
317,1
317,3
428,3
428,1
428,4
360,3
360,1
360,4
318,1
426,3
359,3
318,3
426,7
359,5
439,1
426,5
359,1
439,3
426,1
359,4
426,4
436,3
